9098000
9098005
9098009
9098012
9098016
9098019
9098021
9098024
9098026
9098027
9098035
9098039
9098040
9098044
9098053
9098055
9098057
9098061
9098062
9098065
9098067
9098076
9098079
9098083
9098088
9098090
9098093
9098095
9098097
9098104
9098106
9098107
9098108
9098109
9098111
9098112
9098118
9098121
9098127
9098130
9098134
9098138
9098139
9098146
9098149
9098150
9098151
9098152
9098154
9098156
9098162
9098168
9098169
9098171
9098174
9098176
9098178
9098181
9098183
9098186
9098191
9098192
9098202
9098206
9098208
9098210
9098212
9098215
9098219
9098222
9098223
9098225
9098227
9098232
9098233
9098236
9098237
9098239
9098240
9098243
9098251
9098254
9098256
9098260
9098261
9098262
9098270
9098271
9098273
9098274
9098275
9098278
9098287
9098288
9098289
9098297
9098299
9098300
9098304
9098305
9098307
9098308
9098316
9098317
9098318
9098321
9098324
9098325
9098326
9098327
9098328
9098332
9098344
9098345
9098347
9098349
9098350
9098351
9098364
9098369
9098374
9098377
9098380
9098381
9098382
9098383
9098387
9098395
9098398
9098414
9098418
9098420
9098421
9098424
9098425
9098426
9098431
9098438
9098443
9098452
9098460
9098462
9098463
9098464
9098465
9098466
9098471
9098473
9098475
9098480
9098483
9098484
9098487
9098489
9098492
9098493
9098495
9098497
9098498
