9093000
9093001
9093002
9093004
9093005
9093008
9093010
9093012
9093013
9093021
9093024
9093025
9093027
9093028
9093031
9093032
9093033
9093035
9093036
9093038
9093042
9093043
9093051
9093052
9093056
9093057
9093058
9093066
9093067
9093070
9093074
9093077
9093087
9093088
9093095
9093107
9093108
9093109
9093111
9093112
9093113
9093121
9093123
9093124
9093132
9093133
9093134
9093136
9093137
9093139
9093141
9093147
9093157
9093166
9093167
9093170
9093171
9093181
9093188
9093192
9093195
9093200
9093207
9093208
9093212
9093213
9093214
9093219
9093221
9093224
9093225
9093226
9093227
9093231
9093232
9093235
9093239
9093245
9093246
9093251
9093255
9093256
9093258
9093259
9093263
9093268
9093277
9093281
9093284
9093288
9093291
9093298
9093300
9093303
9093307
9093308
9093310
9093311
9093316
9093318
9093320
9093322
9093325
9093327
9093330
9093331
9093337
9093338
9093345
9093346
9093348
9093351
9093352
9093353
9093357
9093362
9093363
9093364
9093366
9093367
9093369
9093370
9093372
9093375
9093376
9093378
9093381
9093383
9093386
9093387
9093390
9093393
9093398
9093399
9093402
9093403
9093407
9093411
9093412
9093415
9093420
9093424
9093425
9093426
9093428
9093432
9093436
9093438
9093442
9093443
9093456
9093459
9093463
9093470
9093477
9093478
9093481
9093483
9093484
9093485
