9098005
9098000
9098012
9098009
9098021
9098016
9098024
9098019
9098026
9098035
9098027
9098039
9098044
9098040
9098055
9098057
9098061
9098076
9098062
9098079
9098065
9098090
9098067
9098093
9098083
9098107
9098088
9098111
9098095
9098112
9098097
9098118
9098104
9098121
9098106
9098127
9098108
9098134
9098109
9098139
9098130
9098149
9098138
9098150
9098146
9098151
9098152
9098154
9098156
9098168
9098162
9098171
9098169
9098176
9098174
9098191
9098178
9098210
9098181
9098215
9098183
9098227
9098186
9098232
9098192
9098236
9098202
9098239
9098206
9098243
9098208
9098254
9098212
9098261
9098219
9098275
9098222
9098287
9098223
9098289
9098225
9098300
9098233
9098318
9098237
9098325
9098251
9098326
9098256
9098344
9098260
9098351
9098262
9098364
9098270
9098381
9098271
9098398
9098273
9098414
9098274
9098424
9098278
9098462
9098288
9098463
9098297
9098464
9098299
9098465
9098304
9098473
9098305
9098480
9098307
9098484
9098308
9098487
9098316
9098489
9098317
9098492
9098321
9098497
